intrinsic: [610.6543579101562, 0, 399.5;
 0, 610.6543579101562, 299.5;
 0, 0, 1]
discoeffs: [0.2673602700233459;
 -1.091482043266296;
 0;
 0;
 1.180935621261597]
target Point: {-1.3258812268435962, -0.42004501676863226, 4.460909913186261}
total cnt: 7
success cnt: 9
failure cnt: 0
0 214.95797729492188,241.03627014160156
1 169.97084045410156,226.181396484375
2 202.18331909179688,250.93194580078125
3 322.2666015625,230.10369873046875
4 254.8197479248047,246.2485809326172
5 306.18585205078125,193.31980895996094
6 404.5268859863281,151.7755126953125
7 439.3954162597656,143.0273895263672
8 435.5035705566406,235.84385681152344
