[[1. 0. 0. 0.]
 [0. 1. 0. 0.]
 [0. 0. 1. 0.]
 [0. 0. 0. 1.]]

X: 0
Y: 0
Z: 30
transformDelta: 
[[ 0.8660254 -0.5        0.         0.       ]
 [ 0.5        0.8660254  0.         0.       ]
 [ 0.         0.         1.         0.       ]
 [ 0.         0.         0.         1.       ]]
transform: 
[[ 0.8660254 -0.5        0.         0.       ]
 [ 0.5        0.8660254  0.         0.       ]
 [ 0.         0.         1.         0.       ]
 [ 0.         0.         0.         1.       ]]
total euler: 
[ 0. -0. 30.]
pixel: 
[[268.91378911 156.59792283]]

X: 0
Y: 0
Z: 30
transformDelta: 
[[ 0.8660254 -0.5        0.         0.       ]
 [ 0.5        0.8660254  0.         0.       ]
 [ 0.         0.         1.         0.       ]
 [ 0.         0.         0.         1.       ]]
transform: 
[[ 0.5       -0.8660254  0.         0.       ]
 [ 0.8660254  0.5        0.         0.       ]
 [ 0.         0.         1.         0.       ]
 [ 0.         0.         0.         1.       ]]
total euler: 
[ 0. -0. 60.]
pixel: 
[[357.86006257 110.45006548]]

X: 0
Y: 0
Z: 30
transformDelta: 
[[ 0.8660254 -0.5        0.         0.       ]
 [ 0.5        0.8660254  0.         0.       ]
 [ 0.         0.         1.         0.       ]
 [ 0.         0.         0.         1.       ]]
transform: 
[[ 2.77555756e-16 -1.00000000e+00  0.00000000e+00  0.00000000e+00]
 [ 1.00000000e+00  2.77555756e-16  0.00000000e+00  0.00000000e+00]
 [ 0.00000000e+00  0.00000000e+00  1.00000000e+00  0.00000000e+00]
 [ 0.00000000e+00  0.00000000e+00  0.00000000e+00  1.00000000e+00]]
total euler: 
[ 0. -0. 90.]
pixel: 
[[457.96372363 114.9579854 ]]

X: 0
Y: 0
Z: 30
transformDelta: 
[[ 0.8660254 -0.5        0.         0.       ]
 [ 0.5        0.8660254  0.         0.       ]
 [ 0.         0.         1.         0.       ]
 [ 0.         0.         0.         1.       ]]
transform: 
[[-0.5       -0.8660254  0.         0.       ]
 [ 0.8660254 -0.5        0.         0.       ]
 [ 0.         0.         1.         0.       ]
 [ 0.         0.         0.         1.       ]]
total euler: 
[  0.  -0. 120.]
pixel: 
[[542.40207717 168.91378911]]

X: 0
Y: 0
Z: 30
transformDelta: 
[[ 0.8660254 -0.5        0.         0.       ]
 [ 0.5        0.8660254  0.         0.       ]
 [ 0.         0.         1.         0.       ]
 [ 0.         0.         0.         1.       ]]
transform: 
[[-0.8660254 -0.5        0.         0.       ]
 [ 0.5       -0.8660254  0.         0.       ]
 [ 0.         0.         1.         0.       ]
 [ 0.         0.         0.         1.       ]]
total euler: 
[  0.  -0. 150.]
pixel: 
[[588.54993452 257.86006257]]

X: 0
Y: 0
Z: 30
transformDelta: 
[[ 0.8660254 -0.5        0.         0.       ]
 [ 0.5        0.8660254  0.         0.       ]
 [ 0.         0.         1.         0.       ]
 [ 0.         0.         0.         1.       ]]
transform: 
[[-1.00000000e+00 -5.55111512e-16  0.00000000e+00  0.00000000e+00]
 [ 5.55111512e-16 -1.00000000e+00  0.00000000e+00  0.00000000e+00]
 [ 0.00000000e+00  0.00000000e+00  1.00000000e+00  0.00000000e+00]
 [ 0.00000000e+00  0.00000000e+00  0.00000000e+00  1.00000000e+00]]
total euler: 
[  0.  -0. 180.]
pixel: 
[[584.0420146  357.96372363]]
