0: 
[0.9994302528589079, -0.02604814982979438, -0.02146307435628613, 0.0006937395208435407;
 0.02576936809390789, 0.9995812271381743, -0.01316472639225562, 0.1658898640878702;
 0.02179700296874829, 0.01260413596351636, 0.9996829629528523, 0.01254957792776989;
 0, 0, 0, 1]

1: 
[0.818149315443648, -0.5725618073553479, 0.05295917670306358, -0.09074065259339856;
 0.5697328180375788, 0.8196455544671803, 0.05988055688743252, 0.2047081091312716;
 -0.07769307362982056, -0.01881865564185103, 0.9967997012990047, 1.004663629252145;
 0, 0, 0, 1]

2: 
[0.6079628170778888, -0.7917186776111649, 0.0596887642052038, -1.116549038696863;
 0.7796419391644744, 0.6095209538546502, 0.1436755146431588, 0.1615694851783352;
 -0.1501321409511447, -0.04081350675629335, 0.9878231612589773, 1.035516006368276;
 0, 0, 0, 1]

3: 
[0.2280965732125779, -0.9686630806228812, -0.09830457530994566, -0.6227784874706266;
 0.9562090549425298, 0.2038498557329556, 0.210022569176666, -0.672228968319889;
 -0.1834017353641781, -0.1419051533801484, 0.9727418624226902, 1.689654065991392;
 0, 0, 0, 1]

4: 
[-0.5192686008109318, -0.8226668741484184, -0.2314721028347242, 0.05764989568048432;
 0.8401836464154584, -0.5409786009210957, 0.03786282664403296, -1.019490169191351;
 -0.1563699475854618, -0.1748180983889379, 0.9721044552761782, 2.650247243159961;
 0, 0, 0, 1]

5: 
[-0.8414303167016468, -0.4633561403241074, -0.2780217785701576, 0.3344038192453493;
 0.5043126708508365, -0.8581601482470504, -0.09607231640746039, -0.8494825891422387;
 -0.1940715129911163, -0.2210480653264056, 0.9557583380022334, 1.660470880522567;
 0, 0, 0, 1]

6: 
[-0.9783421037688869, 0.002972877090732951, -0.2069731624990828, 0.02454060699923788;
 0.04513933529644364, -0.9727683109928775, -0.2273417109486528, -0.03682047694778556;
 -0.2020127926693326, -0.2317605987433336, 0.9515660021606845, 2.150486290745957;
 0, 0, 0, 1]

