intrinsic: [610.6543579101562, 0, 399.5;
 0, 610.6543579101562, 299.5;
 0, 0, 1]
discoeffs: [0.2673602700233459;
 -1.091482043266296;
 0;
 0;
 1.180935621261597]
target Point: {-0.12931305895684053, -0.683511883057585, 4.512319027810716}
total cnt: 5
success cnt: 7
failure cnt: 0
0 381.8993225097656,206.46778869628906
1 378.0419616699219,249.54481506347656
2 401.64776611328125,234.48782348632812
3 412.0886535644531,174.25743103027344
4 402.2728271484375,108.67829132080078
5 520.3078002929688,90.86443328857422
6 266.8650207519531,116.63373565673828
