0: 
[0.9979404734742063, -0.0640659308332588, -0.003219923686332164, 0.1158515007624432;
 0.06413499929129024, 0.995536542752707, 0.06923650706017334, -0.1099500375365;
 -0.001230149577836489, -0.06930042244067025, 0.9975950772640969, 0.03181625880384664;
 0, 0, 0, 1]

1: 
[0.9591976497660634, -0.2718060104335124, 0.07785474536262044, -0.3388959452361031;
 0.272408202332357, 0.9621771532043522, 0.002982809685811272, -0.05833516575426509;
 -0.07572080285704035, 0.0183471671869455, 0.9969602506975384, -0.8651077031757478;
 0, 0, 0, 1]

2: 
[0.9983850069398614, -0.01893264673780967, 0.05356241971004085, -0.1137254758837035;
 0.029417452978198, 0.9788756519211561, -0.2023291168769503, 0.7736713828532946;
 -0.0486003228175384, 0.203578026720549, 0.9778517247817264, -1.637507056414099;
 0, 0, 0, 1]

3: 
[0.9919231276250642, -0.01030134266687052, -0.126421482437802, 1.204987761732148;
 -0.01925670348961622, 0.9729130006124087, -0.2303681241189234, 0.8155200205071995;
 0.1253702048065024, 0.2309419311831843, 0.9648565365732644, -1.53436309389731;
 0, 0, 0, 1]

4: 
[0.7886908910537089, -0.2090615224465141, -0.5781521929399333, 1.820939646316833;
 0.0294136993021923, 0.9521606406037048, -0.3041791392888437, 0.9973234760439647;
 0.6140859163523193, 0.22289772165163, 0.7571096968209048, 0.3197375027294866;
 0, 0, 0, 1]

