intrinsic: [610.6543579101562, 0, 399.5;
 0, 610.6543579101562, 299.5;
 0, 0, 1]
discoeffs: [0.2673602700233459;
 -1.091482043266296;
 0;
 0;
 1.180935621261597]
target Point: {-2.0640108186474757, -1.2132709964414907, 5.903499771338596}
total cnt: 1
success cnt: 3
failure cnt: 0
0 181.79367065429688,171.52743530273438
1 215.36972045898438,191.3964080810547
2 2.4600393772125244,199.75804138183594
