0: 
[0.9988832852589572, 0.008616804588801152, -0.04645355862526462, 0.01892857339441403;
 -0.006601345441226066, 0.9990374134261367, 0.04336667860443133, -0.2606015935760533;
 0.04678252524862327, -0.04301159440770469, 0.9979786561234003, -0.04842934330270365;
 0, 0, 0, 1]

1: 
[0.8591028243378606, -0.5115045674890529, -0.01747611663236927, -0.4427674351607668;
 0.5117842254518757, 0.8588629726943487, 0.02076778065294245, 0.5435259473173565;
 0.004386774821438462, -0.02678565982877628, 0.9996315744484074, -0.3306987702776251;
 0, 0, 0, 1]

2: 
[0.4801447433890268, -0.8771805469673082, 0.003913236259184473, -0.5939602768020895;
 0.8745299521286046, 0.4790314633623939, 0.07567179090534024, 0.04998811367405256;
 -0.0682523862280623, -0.03291117030762036, 0.9971251007988703, -1.309058497374071;
 0, 0, 0, 1]

3: 
[-0.01650106777938906, -0.9973008013118059, -0.07154597448472721, 0.4299487635196824;
 0.9995337072644238, -0.01829199986385341, 0.02444935138641807, -0.326291905057036;
 -0.02569207668476277, -0.07110917271217623, 0.9971376047225443, -0.9703632192726699;
 0, 0, 0, 1]

4: 
[-0.565800631052409, -0.8151777091604893, -0.1239150853954052, 0.8332699434445502;
 0.8190235430194499, -0.5729891637923411, 0.02972968476827524, -0.088706542074939;
 -0.09523697748543625, -0.08466829787122346, 0.9918473660070017, 0.03050081532088045;
 0, 0, 0, 1]

5: 
[-0.8630667469386857, -0.4807704203632041, -0.1548405413076958, 1.640663447951317;
 0.494132837528139, -0.8671974108830846, -0.06165540879813405, -0.2394148628081844;
 -0.1046352197162256, -0.1297245291433456, 0.9860137003781813, 0.07761106433506351;
 0, 0, 0, 1]

6: 
[-0.8639771729700064, -0.4782498244922188, -0.1575453901576135, 1.437039395226102;
 0.492166285789527, -0.8681770578633659, -0.06356841457715139, 0.4250866591243879;
 -0.1063757101922023, -0.1324601886336877, 0.9854635998900376, 0.8045189726370809;
 0, 0, 0, 1]

7: 
[-0.9867357948649446, -0.05531758259334668, -0.15261859712457, 1.116850658958425;
 0.07487112309315996, -0.9892638241660199, -0.1255045860643783, 0.9960539777820752;
 -0.1440374467248463, -0.1352665932610498, 0.9802837154051559, 1.846583811472418;
 0, 0, 0, 1]

