[[1. 0. 0. 0.]
 [0. 1. 0. 0.]
 [0. 0. 1. 0.]
 [0. 0. 0. 1.]]

X: 0
Y: 0
Z: 30
transformDelta: 
[[ 0.8660254 -0.5        0.         0.       ]
 [ 0.5        0.8660254  0.         0.       ]
 [ 0.         0.         1.         0.       ]
 [ 0.         0.         0.         1.       ]]
transform: 
[[ 0.8660254 -0.5        0.         0.       ]
 [ 0.5        0.8660254  0.         0.       ]
 [ 0.         0.         1.         0.       ]
 [ 0.         0.         0.         1.       ]]
total euler: 
[ 0. -0. 30.]
pixel: 
[[312.62158096 223.14875522]]

X: 0
Y: 0
Z: 30
transformDelta: 
[[ 0.8660254 -0.5        0.         0.       ]
 [ 0.5        0.8660254  0.         0.       ]
 [ 0.         0.         1.         0.       ]
 [ 0.         0.         0.         1.       ]]
transform: 
[[ 0.5       -0.8660254  0.         0.       ]
 [ 0.8660254  0.5        0.         0.       ]
 [ 0.         0.         1.         0.       ]
 [ 0.         0.         0.         1.       ]]
total euler: 
[ 0. -0. 60.]
pixel: 
[[362.43670445 189.93867289]]

X: 0
Y: 0
Z: 30
transformDelta: 
[[ 0.8660254 -0.5        0.         0.       ]
 [ 0.5        0.8660254  0.         0.       ]
 [ 0.         0.         1.         0.       ]
 [ 0.         0.         0.         1.       ]]
transform: 
[[ 2.77555756e-16 -1.00000000e+00  0.00000000e+00  0.00000000e+00]
 [ 1.00000000e+00  2.77555756e-16  0.00000000e+00  0.00000000e+00]
 [ 0.00000000e+00  0.00000000e+00  1.00000000e+00  0.00000000e+00]
 [ 0.00000000e+00  0.00000000e+00  0.00000000e+00  1.00000000e+00]]
total euler: 
[ 0. -0. 90.]
pixel: 
[[422.18290806 186.08545968]]

X: 0
Y: 0
Z: 30
transformDelta: 
[[ 0.8660254 -0.5        0.         0.       ]
 [ 0.5        0.8660254  0.         0.       ]
 [ 0.         0.         1.         0.       ]
 [ 0.         0.         0.         1.       ]]
transform: 
[[-0.5       -0.8660254  0.         0.       ]
 [ 0.8660254 -0.5        0.         0.       ]
 [ 0.         0.         1.         0.       ]
 [ 0.         0.         0.         1.       ]]
total euler: 
[  0.  -0. 120.]
pixel: 
[[475.85124478 212.62158096]]

X: 0
Y: 0
Z: 30
transformDelta: 
[[ 0.8660254 -0.5        0.         0.       ]
 [ 0.5        0.8660254  0.         0.       ]
 [ 0.         0.         1.         0.       ]
 [ 0.         0.         0.         1.       ]]
transform: 
[[-0.8660254 -0.5        0.         0.       ]
 [ 0.5       -0.8660254  0.         0.       ]
 [ 0.         0.         1.         0.       ]
 [ 0.         0.         0.         1.       ]]
total euler: 
[  0.  -0. 150.]
pixel: 
[[509.06132711 262.43670445]]

X: 0
Y: 0
Z: 30
transformDelta: 
[[ 0.8660254 -0.5        0.         0.       ]
 [ 0.5        0.8660254  0.         0.       ]
 [ 0.         0.         1.         0.       ]
 [ 0.         0.         0.         1.       ]]
transform: 
[[-1.00000000e+00 -5.55111512e-16  0.00000000e+00  0.00000000e+00]
 [ 5.55111512e-16 -1.00000000e+00  0.00000000e+00  0.00000000e+00]
 [ 0.00000000e+00  0.00000000e+00  1.00000000e+00  0.00000000e+00]
 [ 0.00000000e+00  0.00000000e+00  0.00000000e+00  1.00000000e+00]]
total euler: 
[  0.  -0. 180.]
pixel: 
[[512.91454032 322.18290806]]
