intrinsic: [610.6543579101562, 0, 399.5;
 0, 610.6543579101562, 299.5;
 0, 0, 1]
discoeffs: [0.2673602700233459;
 -1.091482043266296;
 0;
 0;
 1.180935621261597]
target Point: {-1.3558821934650203, -0.633311745536953, 5.191068152051385}
total cnt: 1
success cnt: 3
failure cnt: 0
0 237.55027770996094,223.85577392578125
1 268.6049499511719,231.26052856445312
2 94.78340911865234,228.76651000976562
