intrinsic: [610.6543579101562, 0, 399.5;
 0, 610.6543579101562, 299.5;
 0, 0, 1]
discoeffs: [0.2673602700233459;
 -1.091482043266296;
 0;
 0;
 1.180935621261597]
target Point: {-0.8357840536520778, -0.1111987367519931, 4.380902786561864}
total cnt: 1
success cnt: 3
failure cnt: 0
0 282.01373291015625,283.8687744140625
1 252.4038848876953,278.86981201171875
2 34.12051010131836,279.9148864746094
