[[1. 0. 0. 0.]
 [0. 1. 0. 0.]
 [0. 0. 1. 0.]
 [0. 0. 0. 1.]]

X: 0
Y: 0
Z: 30
transformDelta: 
[[ 0.8660254 -0.5        0.         0.       ]
 [ 0.5        0.8660254  0.         0.       ]
 [ 0.         0.         1.         0.       ]
 [ 0.         0.         0.         1.       ]]
transform: 
[[ 0.8660254 -0.5        0.         0.       ]
 [ 0.5        0.8660254  0.         0.       ]
 [ 0.         0.         1.         0.       ]
 [ 0.         0.         0.         1.       ]]
total euler: 
[ 0. -0. 30.]
pixel: 
[[289.85788496  90.82931459]]

X: 0
Y: 0
Z: 30
transformDelta: 
[[ 0.8660254 -0.5        0.         0.       ]
 [ 0.5        0.8660254  0.         0.       ]
 [ 0.         0.         1.         0.       ]
 [ 0.         0.         0.         1.       ]]
transform: 
[[ 0.5       -0.8660254  0.         0.       ]
 [ 0.8660254  0.5        0.         0.       ]
 [ 0.         0.         1.         0.       ]
 [ 0.         0.         0.         1.       ]]
total euler: 
[ 0. -0. 60.]
pixel: 
[[408.88248576  63.96482789]]

X: 0
Y: 0
Z: 30
transformDelta: 
[[ 0.8660254 -0.5        0.         0.       ]
 [ 0.5        0.8660254  0.         0.       ]
 [ 0.         0.         1.         0.       ]
 [ 0.         0.         0.         1.       ]]
transform: 
[[ 2.77555756e-16 -1.00000000e+00  0.00000000e+00  0.00000000e+00]
 [ 1.00000000e+00  2.77555756e-16  0.00000000e+00  0.00000000e+00]
 [ 0.00000000e+00  0.00000000e+00  1.00000000e+00  0.00000000e+00]
 [ 0.00000000e+00  0.00000000e+00  0.00000000e+00  1.00000000e+00]]
total euler: 
[ 0. -0. 90.]
pixel: 
[[525.39305707 100.21180035]]

X: 0
Y: 0
Z: 30
transformDelta: 
[[ 0.8660254 -0.5        0.         0.       ]
 [ 0.5        0.8660254  0.         0.       ]
 [ 0.         0.         1.         0.       ]
 [ 0.         0.         0.         1.       ]]
transform: 
[[-0.5       -0.8660254  0.         0.       ]
 [ 0.8660254 -0.5        0.         0.       ]
 [ 0.         0.         1.         0.       ]
 [ 0.         0.         0.         1.       ]]
total euler: 
[  0.  -0. 120.]
pixel: 
[[608.17068541 189.85788496]]

X: 0
Y: 0
Z: 30
transformDelta: 
[[ 0.8660254 -0.5        0.         0.       ]
 [ 0.5        0.8660254  0.         0.       ]
 [ 0.         0.         1.         0.       ]
 [ 0.         0.         0.         1.       ]]
transform: 
[[-0.8660254 -0.5        0.         0.       ]
 [ 0.5       -0.8660254  0.         0.       ]
 [ 0.         0.         1.         0.       ]
 [ 0.         0.         0.         1.       ]]
total euler: 
[  0.  -0. 150.]
pixel: 
[[635.03517211 308.88248576]]

X: 0
Y: 0
Z: 30
transformDelta: 
[[ 0.8660254 -0.5        0.         0.       ]
 [ 0.5        0.8660254  0.         0.       ]
 [ 0.         0.         1.         0.       ]
 [ 0.         0.         0.         1.       ]]
transform: 
[[-1.00000000e+00 -5.55111512e-16  0.00000000e+00  0.00000000e+00]
 [ 5.55111512e-16 -1.00000000e+00  0.00000000e+00  0.00000000e+00]
 [ 0.00000000e+00  0.00000000e+00  1.00000000e+00  0.00000000e+00]
 [ 0.00000000e+00  0.00000000e+00  0.00000000e+00  1.00000000e+00]]
total euler: 
[  0.  -0. 180.]
pixel: 
[[598.78819965 425.39305707]]
