0: 
[0.9988401165515801, -0.002666405630512126, -0.04807610475318713, -0.5951737205109892;
 0.005333836942728238, 0.9984477222640326, 0.05544092431798735, -0.260472169346375;
 0.04785364929338445, -0.05563304941110084, 0.9973038614497229, 0.3135154287427299;
 0, 0, 0, 1]

1: 
[0.9178348896279536, -0.3940819439318966, -0.04773402191833315, -0.1871791590559886;
 0.3937387905771021, 0.9190690677482173, -0.01678730184702053, 0.01351685909332823;
 0.05048643556960087, -0.003386764721594104, 0.99871900434917, -0.5294751103721933;
 0, 0, 0, 1]

2: 
[0.6790556655966654, -0.7290920055337917, -0.08548830614641038, -0.1991940772458073;
 0.7327753996550325, 0.6801882926814036, 0.01959847339881007, -0.09574461108124595;
 0.04385905472621301, -0.07595218210077509, 0.9961463995581443, 0.4655841058254775;
 0, 0, 0, 1]

3: 
[0.685598750244094, -0.7275230958732428, -0.02577787102823496, -0.6346818865464046;
 0.7269834788560634, 0.6823793881030151, 0.0765074647501079, -0.4373618089895891;
 -0.03807065975356621, -0.07119350857462706, 0.996735726861821, -0.3242135602903181;
 0, 0, 0, 1]

4: 
[0.6896693139849713, -0.7141738416046309, 0.1196326097482689, -1.164004099260877;
 0.7241215105117601, 0.6797176410336978, -0.116756012614987, 0.2245733908632609;
 0.00206769477088526, 0.1671515852011792, 0.9859290401459259, 0.339724828460729;
 0, 0, 0, 1]

5: 
[0.002431616831824245, -0.978469433348611, 0.2063774581731946, -0.8465706819257174;
 0.9994262328443415, 0.009350006382250699, 0.03255430053342789, -0.6489161002042273;
 -0.03378301854707597, 0.2061798859809012, 0.977930755357837, 1.391980450144008;
 0, 0, 0, 1]

6: 
[0.002274985953545643, -0.9783965401434946, 0.2067245381519769, -1.054769516947982;
 0.9994393323022687, 0.009130120689177521, 0.03221276056777096, -0.6780305500995383;
 -0.03340427347071976, 0.2065353508032896, 0.9778687557041864, 0.4144928181179038;
 0, 0, 0, 1]

7: 
[-0.4884679625915885, -0.8477437377631571, 0.2067114041483319, -0.7758926493442981;
 0.8653228666645131, -0.4401226670374782, 0.2398090373345496, -1.422842016699795;
 -0.1123182351585489, 0.2960111366877385, 0.9485578638162777, -0.3406678958576986;
 0, 0, 0, 1]

8: 
[-0.8321064652607877, -0.539091136893036, 0.1303057043823216, -0.482750682159671;
 0.55435702640128, -0.8012585080936272, 0.2251068423817931, -1.506949149525712;
 -0.01694454929253338, 0.259548741724839, 0.9655813445372295, 0.4311100252053262;
 0, 0, 0, 1]

9: 
[-0.997301093582532, -0.06065808794177906, -0.04136574798468386, 0.3080587277070065;
 0.04904836142833613, -0.9696810258587958, 0.2394012663513438, -1.479248223971526;
 -0.05463320400891693, 0.2367262225793321, 0.9700391273361291, 1.408614335166184;
 0, 0, 0, 1]

